      0/99     3.01G   0.07403   0.00893         0   0.08296        35       640  0.002841  0.002262 0.0005536 0.0001029   0.09926  0.008306         0
      1/99     24.8G   0.05854  0.007105         0   0.06565        30       640    0.2095     0.267    0.1432   0.03267   0.07649  0.009239         0
      2/99     28.4G   0.05117  0.006438         0   0.05761        39       640    0.4311    0.4646    0.4312    0.1614   0.06638  0.009206         0
      3/99     28.4G   0.04829  0.005537         0   0.05382        38       640    0.5787    0.4887      0.51    0.1897   0.06332  0.008752         0
      4/99     28.4G   0.04998  0.005134         0   0.05511        47       640    0.5294    0.6471    0.5499    0.2076   0.05923  0.008977         0
      5/99     28.4G   0.04743  0.004583         0   0.05201        30       640    0.5907       0.5    0.5012    0.1901   0.06266  0.008789         0
      6/99     28.4G   0.04416   0.00426         0   0.04842        33       640    0.3222    0.2511    0.1694   0.06118   0.07428  0.009843         0
      7/99     28.4G    0.0429  0.003969         0   0.04687        34       640    0.7535    0.6855    0.7296    0.3169   0.05781  0.007555         0
      8/99     28.4G   0.04206  0.003888         0   0.04595        27       640    0.7892    0.6244    0.6877    0.2775    0.0607  0.007773         0
      9/99     28.4G   0.04242  0.003965         0   0.04638        39       640    0.8029    0.7372    0.8071    0.3756   0.05676  0.007182         0
     10/99     28.4G   0.04112  0.003771         0   0.04489        24       640    0.7589    0.7421    0.7599    0.3507   0.06011  0.006913         0
     11/99     28.4G   0.03965  0.003569         0   0.04321        44       640    0.7928    0.7963    0.8347    0.3856   0.05518  0.006927         0
     12/99     28.4G    0.0383  0.003582         0   0.04188        33       640     0.891    0.8325    0.8775    0.4532   0.05364  0.006521         0
     13/99     28.4G   0.03793   0.00353         0   0.04146        56       640    0.8309    0.7783    0.8334    0.4031   0.05914  0.006366         0
     14/99     28.4G   0.03735  0.003454         0   0.04081        50       640    0.8929    0.8348     0.902    0.4844   0.05686  0.006025         0
     15/99     28.4G   0.03664    0.0034         0   0.04004        35       640     0.926    0.8235    0.9116    0.4745   0.05284  0.006338         0
     16/99     28.4G   0.03612  0.003426         0   0.03954        41       640    0.8746    0.8361    0.8745    0.4306   0.05485  0.006807         0
     17/99     28.4G   0.03587  0.003388         0   0.03925        53       640    0.8854     0.839    0.8941    0.4713   0.05329  0.006296         0
     18/99     28.4G   0.03537   0.00334         0   0.03871        53       640     0.869    0.8416    0.9046    0.4855   0.05227  0.006287         0
     19/99     28.4G   0.03506  0.003335         0   0.03839        24       640     0.903    0.8844    0.9462     0.534   0.04834  0.006361         0
     20/99     28.4G   0.03478  0.003313         0   0.03809        42       640    0.8906    0.8846    0.9089    0.4888   0.05125  0.005831         0
     21/99     28.4G   0.03439  0.003339         0   0.03773        32       640    0.8357    0.8054    0.8645     0.435   0.05234  0.006872         0
     22/99     28.4G   0.03361  0.003296         0    0.0369        39       640    0.9182    0.8122    0.8972    0.4784   0.05072  0.006412         0
     23/99     28.4G   0.03418   0.00323         0   0.03741        51       640     0.866    0.8778    0.9226    0.5151   0.04904  0.006247         0
     24/99     28.4G   0.03308    0.0031         0   0.03618        49       640    0.9399    0.8846    0.9448    0.5388    0.0473  0.006094         0
     25/99     28.4G   0.03287  0.003169         0   0.03604        36       640    0.9209    0.8688    0.9326    0.5151     0.048  0.006142         0
     26/99     28.4G   0.03316   0.00324         0    0.0364        44       640    0.8996    0.8824    0.9242    0.5191   0.04811  0.006243         0
     27/99     28.4G   0.03244  0.003173         0   0.03561        38       640    0.9489    0.8823    0.9554    0.5525   0.04698  0.005913         0
     28/99     28.4G    0.0319  0.003086         0   0.03499        36       640    0.9307    0.8846    0.9479    0.5797   0.04525  0.005884         0
     29/99     28.4G   0.03186  0.003182         0   0.03504        38       640    0.8993    0.9088    0.9448    0.5555   0.04562  0.006147         0
     30/99     28.4G   0.03158  0.003204         0   0.03479        38       640    0.9124    0.8982    0.9391    0.5474   0.04644  0.006018         0
     31/99     28.4G   0.03168  0.003053         0   0.03473        33       640    0.9497    0.8979    0.9659    0.5767   0.04487  0.005919         0
     32/99     28.4G   0.03169  0.003102         0   0.03479        40       640    0.9575    0.8663     0.957    0.5709   0.04449   0.00608         0
     33/99     28.4G   0.03148  0.003066         0   0.03455        36       640     0.919    0.8732    0.9397    0.5627   0.04802  0.005712         0
     34/99     28.4G   0.03095  0.003084         0   0.03403        50       640    0.9144    0.9185    0.9554    0.5599   0.04814  0.005763         0
     35/99     28.4G   0.03071  0.003048         0   0.03376        41       640    0.9385    0.9321    0.9649    0.5917   0.04708  0.005309         0
     36/99     28.4G   0.03019   0.00293         0   0.03312        38       640    0.9205    0.8959    0.9559    0.5638   0.04778  0.005636         0
     37/99     28.4G   0.03028  0.002985         0   0.03326        27       640    0.9348    0.8754    0.9456    0.5568   0.04808  0.005847         0
     38/99     28.4G   0.02991  0.002939         0   0.03285        52       640    0.9509    0.9206    0.9683    0.5986   0.04559  0.005406         0
     39/99     28.4G    0.0297  0.002903         0    0.0326        37       640    0.9344    0.9344      0.97    0.6008   0.04518  0.005446         0
     40/99     28.4G   0.02948  0.002961         0   0.03244        44       640    0.9599    0.9231    0.9723     0.617   0.04473  0.005454         0
     41/99     28.4G   0.02947  0.002977         0   0.03244        45       640    0.9095    0.9321    0.9618    0.5925   0.04556   0.00546         0
     42/99     28.4G   0.02945  0.002933         0   0.03238        31       640    0.9227    0.9456    0.9701    0.6072   0.04537  0.005554         0
     43/99     28.4G   0.02916  0.002929         0   0.03209        39       640    0.9619    0.9163    0.9688    0.6134   0.04507  0.005292         0
     44/99     28.4G   0.02933  0.002928         0   0.03226        38       640    0.9525    0.9072    0.9659    0.6123   0.04543  0.005284         0
     45/99     28.4G   0.02917  0.002942         0   0.03211        26       640     0.955    0.9163    0.9654    0.6231   0.04462   0.00537         0
     46/99     28.4G    0.0287   0.00292         0   0.03162        54       640    0.9522    0.9022    0.9678    0.6222     0.045  0.005407         0
     47/99     28.4G   0.02844  0.002887         0   0.03133        30       640    0.9199    0.9367    0.9762    0.6238   0.04468  0.005143         0
     48/99     28.4G   0.02811  0.002895         0     0.031        38       640    0.9306     0.914    0.9583    0.6253   0.04506  0.005294         0
     49/99     28.4G   0.02803  0.002846         0   0.03088        44       640    0.9234    0.9546    0.9753    0.6225   0.04521  0.005205         0
     50/99     28.4G   0.02787  0.002853         0   0.03073        27       640    0.9576    0.9208    0.9748    0.6209   0.04554  0.005086         0
     51/99     28.4G    0.0282  0.002939         0   0.03114        37       640    0.9554    0.9231    0.9728    0.6393   0.04335  0.005171         0
     52/99     28.4G   0.02779  0.002778         0   0.03056        35       640    0.9419    0.9162    0.9676    0.6419   0.04343  0.005287         0
     53/99     28.4G   0.02753  0.002783         0   0.03031        50       640    0.9485    0.9159    0.9704     0.645   0.04318  0.005213         0
     54/99     28.4G   0.02713  0.002813         0   0.02994        25       640    0.9586    0.9426    0.9776    0.6524   0.04243  0.005138         0
     55/99     28.4G   0.02696  0.002858         0   0.02982        47       640    0.9265    0.9411    0.9695    0.6309   0.04303  0.005361         0
     56/99     28.4G   0.02695  0.002705         0   0.02965        49       640    0.9345    0.9367    0.9777    0.6599   0.04235  0.005184         0
     57/99     28.4G   0.02703  0.002804         0   0.02984        30       640    0.9604    0.9344    0.9861    0.6399   0.04231  0.005083         0
     58/99     28.4G   0.02692  0.002829         0   0.02974        30       640     0.953    0.9183    0.9758    0.6518   0.04188  0.005215         0
     59/99     28.4G    0.0265  0.002885         0   0.02938        28       640    0.9179    0.9367    0.9679    0.6646   0.03953  0.005329         0
     60/99     28.4G   0.02662  0.002942         0   0.02956        31       640    0.9557    0.9275    0.9714    0.6662   0.03831  0.005422         0
     61/99     28.4G   0.02641  0.002918         0   0.02932        41       640    0.9454    0.9502    0.9741    0.6746    0.0376  0.005258         0
     62/99     28.4G   0.02614  0.002879         0   0.02902        32       640    0.9649     0.934    0.9821    0.6663   0.03799   0.00523         0
     63/99     28.4G   0.02573  0.002859         0   0.02859        45       640    0.9162    0.9647    0.9765    0.6739   0.03757  0.005163         0
     64/99     28.4G   0.02565  0.002857         0    0.0285        45       640    0.9651    0.9389    0.9851    0.6832   0.03727   0.00504         0
     65/99     28.4G   0.02564  0.002778         0   0.02842        29       640    0.9528    0.9591    0.9787    0.6726   0.03743   0.00508         0
     66/99     28.4G   0.02544  0.002812         0   0.02825        31       640    0.9519    0.9434    0.9799    0.6813   0.03733  0.005017         0
     67/99     28.4G   0.02534  0.002795         0   0.02814        31       640    0.9555    0.9231     0.973    0.6778   0.03731  0.005031         0
     68/99     28.4G   0.02474  0.002767         0    0.0275        40       640    0.9418    0.9525    0.9791    0.7023   0.03653  0.004937         0
     69/99     28.4G   0.02446  0.002726         0   0.02719        43       640    0.9297    0.9568    0.9765    0.6893   0.03706  0.004917         0
     70/99     28.4G   0.02453   0.00272         0   0.02725        45       640    0.9517    0.9366    0.9775    0.6939   0.03663  0.004927         0
     71/99     28.4G   0.02431  0.002673         0   0.02699        38       640    0.9435     0.948    0.9788    0.6845   0.03725  0.005059         0
     72/99     28.4G   0.02453  0.002692         0   0.02722        29       640    0.9478    0.9455     0.978    0.7088   0.03622  0.004892         0
     73/99     28.4G   0.02439  0.002749         0   0.02714        31       640    0.9633    0.9512    0.9762    0.7049   0.03602  0.004967         0
     74/99     28.4G   0.02429  0.002743         0   0.02704        43       640     0.942    0.9547     0.979    0.7061   0.03557  0.005057         0
     75/99     28.4G   0.02422  0.002724         0   0.02694        39       640    0.9585    0.9434    0.9786     0.714   0.03571  0.005019         0
     76/99     28.4G   0.02395  0.002689         0   0.02664        36       640    0.9402    0.9638    0.9797     0.713   0.03569   0.00502         0
     77/99     28.4G   0.02342   0.00261         0   0.02604        30       640    0.9349    0.9434    0.9752    0.7074   0.03569  0.005007         0
     78/99     28.4G   0.02365  0.002631         0   0.02628        35       640     0.961     0.948    0.9815    0.7077   0.03573  0.005091         0
     79/99     28.4G   0.02372  0.002648         0   0.02637        34       640    0.9502      0.95    0.9819    0.7207   0.03537  0.004908         0
     80/99     28.4G   0.02312  0.002672         0    0.0258        35       640    0.9523    0.9502    0.9819    0.7196   0.03506  0.004999         0
     81/99     28.4G   0.02304  0.002576         0   0.02561        42       640    0.9399    0.9545    0.9787     0.721   0.03528  0.005072         0
     82/99     28.4G   0.02299  0.002629         0   0.02562        32       640    0.9524    0.9615    0.9864     0.733    0.0346  0.004903         0
     83/99     28.4G   0.02301  0.002563         0   0.02557        35       640    0.9508    0.9612    0.9864    0.7249   0.03473  0.004901         0
